{
 "chain_iptm": [
  0.35,
  0.34,
  0.33,
  0.33,
  0.35,
  0.37,
  0.15,
  0.16
 ],
 "chain_pair_iptm": [
  [
   0.63,
   0.54,
   0.36,
   0.31,
   0.36,
   0.53,
   0.15,
   0.2
  ],
  [
   0.54,
   0.62,
   0.53,
   0.35,
   0.31,
   0.36,
   0.12,
   0.17
  ],
  [
   0.36,
   0.53,
   0.62,
   0.53,
   0.35,
   0.31,
   0.1,
   0.12
  ],
  [
   0.31,
   0.35,
   0.53,
   0.62,
   0.53,
   0.36,
   0.13,
   0.11
  ],
  [
   0.36,
   0.31,
   0.35,
   0.53,
   0.63,
   0.54,
   0.21,
   0.16
  ],
  [
   0.53,
   0.36,
   0.31,
   0.36,
   0.54,
   0.64,
   0.24,
   0.25
  ],
  [
   0.15,
   0.12,
   0.1,
   0.13,
   0.21,
   0.24,
   0.76,
   0.1
  ],
  [
   0.2,
   0.17,
   0.12,
   0.11,
   0.16,
   0.25,
   0.1,
   0.48
  ]
 ],
 "chain_pair_pae_min": [
  [
   0.76,
   4.43,
   10.12,
   13.14,
   11.93,
   5.1,
   23.76,
   21.14
  ],
  [
   4.13,
   0.76,
   4.92,
   10.62,
   13.26,
   11.71,
   25.35,
   22.17
  ],
  [
   11.67,
   4.52,
   0.76,
   5.03,
   10.59,
   13.12,
   26.23,
   23.9
  ],
  [
   13.08,
   11.97,
   4.45,
   0.76,
   5.02,
   10.42,
   25.01,
   25.46
  ],
  [
   10.48,
   13.13,
   12.07,
   4.53,
   0.76,
   4.77,
   21.52,
   23.41
  ],
  [
   5.24,
   10.3,
   13.23,
   11.92,
   4.26,
   0.76,
   19.9,
   20.57
  ],
  [
   18.68,
   21.61,
   23.23,
   22.88,
   18.95,
   17.22,
   0.76,
   24.5
  ],
  [
   22.97,
   26.96,
   28.96,
   29.47,
   26.87,
   18.3,
   24.58,
   0.77
  ]
 ],
 "chain_ptm": [
  0.63,
  0.62,
  0.62,
  0.62,
  0.63,
  0.64,
  0.76,
  0.48
 ],
 "fraction_disordered": 0.05,
 "has_clash": 0.0,
 "iptm": 0.52,
 "num_recycles": 10.0,
 "ptm": 0.56,
 "ranking_score": 0.55
}