{
 "chain_iptm": [
  0.38,
  0.36,
  0.34,
  0.33,
  0.32,
  0.33,
  0.24,
  0.23
 ],
 "chain_pair_iptm": [
  [
   0.63,
   0.55,
   0.38,
   0.31,
   0.35,
   0.52,
   0.25,
   0.27
  ],
  [
   0.55,
   0.63,
   0.55,
   0.37,
   0.3,
   0.36,
   0.22,
   0.19
  ],
  [
   0.38,
   0.55,
   0.62,
   0.53,
   0.35,
   0.31,
   0.15,
   0.14
  ],
  [
   0.31,
   0.37,
   0.53,
   0.62,
   0.52,
   0.35,
   0.12,
   0.1
  ],
  [
   0.35,
   0.3,
   0.35,
   0.52,
   0.62,
   0.53,
   0.11,
   0.09
  ],
  [
   0.52,
   0.36,
   0.31,
   0.35,
   0.53,
   0.62,
   0.13,
   0.12
  ],
  [
   0.25,
   0.22,
   0.15,
   0.12,
   0.11,
   0.13,
   0.78,
   0.68
  ],
  [
   0.27,
   0.19,
   0.14,
   0.1,
   0.09,
   0.12,
   0.68,
   0.52
  ]
 ],
 "chain_pair_pae_min": [
  [
   0.76,
   4.36,
   9.82,
   13.22,
   12.46,
   5.27,
   18.41,
   20.11
  ],
  [
   4.15,
   0.76,
   4.76,
   10.22,
   13.34,
   11.73,
   21.83,
   23.46
  ],
  [
   11.12,
   4.53,
   0.76,
   4.93,
   10.67,
   13.26,
   24.16,
   25.05
  ],
  [
   13.12,
   11.58,
   4.75,
   0.76,
   5.31,
   10.59,
   25.68,
   26.14
  ],
  [
   10.75,
   13.39,
   12.24,
   4.97,
   0.76,
   5.08,
   25.95,
   26.73
  ],
  [
   5.55,
   10.61,
   13.61,
   12.17,
   4.81,
   0.76,
   24.64,
   25.51
  ],
  [
   16.1,
   18.38,
   20.3,
   21.66,
   22.48,
   22.47,
   0.76,
   6.0
  ],
  [
   19.15,
   20.69,
   22.89,
   24.11,
   24.3,
   24.15,
   4.3,
   0.77
  ]
 ],
 "chain_ptm": [
  0.63,
  0.63,
  0.62,
  0.62,
  0.62,
  0.62,
  0.78,
  0.52
 ],
 "fraction_disordered": 0.05,
 "has_clash": 0.0,
 "iptm": 0.52,
 "num_recycles": 10.0,
 "ptm": 0.56,
 "ranking_score": 0.55
}