{
 "chain_iptm": [
  0.38,
  0.36,
  0.34,
  0.33,
  0.33,
  0.38,
  0.26,
  0.25
 ],
 "chain_pair_iptm": [
  [
   0.63,
   0.55,
   0.37,
   0.31,
   0.36,
   0.53,
   0.29,
   0.25
  ],
  [
   0.55,
   0.62,
   0.53,
   0.36,
   0.31,
   0.37,
   0.2,
   0.18
  ],
  [
   0.37,
   0.53,
   0.62,
   0.53,
   0.36,
   0.31,
   0.15,
   0.12
  ],
  [
   0.31,
   0.36,
   0.53,
   0.62,
   0.52,
   0.36,
   0.12,
   0.11
  ],
  [
   0.36,
   0.31,
   0.36,
   0.52,
   0.62,
   0.53,
   0.14,
   0.13
  ],
  [
   0.53,
   0.37,
   0.31,
   0.36,
   0.53,
   0.62,
   0.29,
   0.31
  ],
  [
   0.29,
   0.2,
   0.15,
   0.12,
   0.14,
   0.29,
   0.77,
   0.66
  ],
  [
   0.25,
   0.18,
   0.12,
   0.11,
   0.13,
   0.31,
   0.66,
   0.5
  ]
 ],
 "chain_pair_pae_min": [
  [
   0.76,
   4.34,
   9.77,
   12.86,
   11.91,
   5.05,
   17.62,
   19.93
  ],
  [
   4.2,
   0.76,
   4.79,
   10.33,
   13.02,
   11.24,
   21.67,
   22.6
  ],
  [
   11.35,
   4.53,
   0.76,
   4.97,
   10.48,
   13.05,
   23.94,
   24.61
  ],
  [
   13.0,
   11.61,
   4.64,
   0.76,
   5.07,
   10.41,
   25.02,
   25.78
  ],
  [
   10.52,
   13.14,
   12.02,
   4.62,
   0.76,
   4.88,
   23.76,
   24.8
  ],
  [
   5.32,
   10.17,
   13.23,
   11.74,
   4.61,
   0.76,
   15.64,
   18.9
  ],
  [
   13.99,
   19.02,
   21.05,
   22.44,
   22.19,
   14.23,
   0.76,
   6.19
  ],
  [
   21.13,
   24.31,
   26.06,
   26.81,
   25.08,
   17.94,
   5.21,
   0.78
  ]
 ],
 "chain_ptm": [
  0.63,
  0.62,
  0.62,
  0.62,
  0.62,
  0.62,
  0.77,
  0.5
 ],
 "fraction_disordered": 0.05,
 "has_clash": 0.0,
 "iptm": 0.53,
 "num_recycles": 10.0,
 "ptm": 0.57,
 "ranking_score": 0.56
}