{
 "chain_iptm": [
  0.37,
  0.36,
  0.34,
  0.33,
  0.32,
  0.33,
  0.24,
  0.23
 ],
 "chain_pair_iptm": [
  [
   0.63,
   0.55,
   0.38,
   0.31,
   0.34,
   0.51,
   0.24,
   0.27
  ],
  [
   0.55,
   0.63,
   0.54,
   0.36,
   0.3,
   0.36,
   0.23,
   0.2
  ],
  [
   0.38,
   0.54,
   0.62,
   0.52,
   0.35,
   0.31,
   0.16,
   0.14
  ],
  [
   0.31,
   0.36,
   0.52,
   0.62,
   0.52,
   0.35,
   0.13,
   0.1
  ],
  [
   0.34,
   0.3,
   0.35,
   0.52,
   0.62,
   0.52,
   0.11,
   0.09
  ],
  [
   0.51,
   0.36,
   0.31,
   0.35,
   0.52,
   0.62,
   0.14,
   0.12
  ],
  [
   0.24,
   0.23,
   0.16,
   0.13,
   0.11,
   0.14,
   0.77,
   0.68
  ],
  [
   0.27,
   0.2,
   0.14,
   0.1,
   0.09,
   0.12,
   0.68,
   0.52
  ]
 ],
 "chain_pair_pae_min": [
  [
   0.76,
   4.43,
   9.97,
   13.43,
   12.73,
   5.19,
   18.8,
   20.11
  ],
  [
   3.89,
   0.76,
   4.81,
   10.56,
   13.48,
   11.89,
   20.84,
   23.01
  ],
  [
   11.29,
   4.37,
   0.76,
   4.98,
   10.83,
   13.28,
   23.96,
   24.67
  ],
  [
   13.27,
   11.84,
   4.56,
   0.76,
   5.31,
   10.74,
   25.48,
   26.02
  ],
  [
   11.09,
   13.49,
   12.26,
   4.76,
   0.76,
   4.99,
   25.72,
   26.69
  ],
  [
   5.63,
   10.72,
   13.66,
   12.31,
   4.62,
   0.76,
   24.42,
   25.38
  ],
  [
   16.07,
   18.53,
   20.42,
   21.53,
   22.4,
   22.4,
   0.76,
   5.88
  ],
  [
   19.2,
   21.48,
   23.71,
   24.77,
   25.0,
   24.69,
   4.39,
   0.78
  ]
 ],
 "chain_ptm": [
  0.63,
  0.63,
  0.62,
  0.62,
  0.62,
  0.62,
  0.77,
  0.52
 ],
 "fraction_disordered": 0.04,
 "has_clash": 0.0,
 "iptm": 0.52,
 "num_recycles": 10.0,
 "ptm": 0.56,
 "ranking_score": 0.55
}