{
 "chain_iptm": [
  0.38,
  0.38,
  0.35,
  0.34,
  0.33,
  0.34,
  0.24,
  0.23
 ],
 "chain_pair_iptm": [
  [
   0.64,
   0.56,
   0.39,
   0.33,
   0.37,
   0.53,
   0.25,
   0.27
  ],
  [
   0.56,
   0.64,
   0.55,
   0.38,
   0.32,
   0.38,
   0.24,
   0.21
  ],
  [
   0.39,
   0.55,
   0.63,
   0.54,
   0.37,
   0.33,
   0.16,
   0.14
  ],
  [
   0.33,
   0.38,
   0.54,
   0.62,
   0.53,
   0.37,
   0.13,
   0.1
  ],
  [
   0.37,
   0.32,
   0.37,
   0.53,
   0.62,
   0.53,
   0.12,
   0.1
  ],
  [
   0.53,
   0.38,
   0.33,
   0.37,
   0.53,
   0.63,
   0.14,
   0.13
  ],
  [
   0.25,
   0.24,
   0.16,
   0.13,
   0.12,
   0.14,
   0.77,
   0.66
  ],
  [
   0.27,
   0.21,
   0.14,
   0.1,
   0.1,
   0.13,
   0.66,
   0.52
  ]
 ],
 "chain_pair_pae_min": [
  [
   0.76,
   4.09,
   9.19,
   12.5,
   11.83,
   5.21,
   18.5,
   20.3
  ],
  [
   3.93,
   0.76,
   4.48,
   9.76,
   12.41,
   10.84,
   20.68,
   22.78
  ],
  [
   10.61,
   4.31,
   0.76,
   4.63,
   9.93,
   12.34,
   23.59,
   24.51
  ],
  [
   12.38,
   10.95,
   4.7,
   0.76,
   4.85,
   9.87,
   25.03,
   25.8
  ],
  [
   10.3,
   12.56,
   11.22,
   4.72,
   0.76,
   4.74,
   25.38,
   26.25
  ],
  [
   5.15,
   9.92,
   12.62,
   11.24,
   4.62,
   0.76,
   24.07,
   24.97
  ],
  [
   15.96,
   18.2,
   20.03,
   21.27,
   22.2,
   22.18,
   0.76,
   6.64
  ],
  [
   19.35,
   21.71,
   23.62,
   24.75,
   25.1,
   24.19,
   4.64,
   0.77
  ]
 ],
 "chain_ptm": [
  0.64,
  0.64,
  0.63,
  0.62,
  0.62,
  0.63,
  0.77,
  0.52
 ],
 "fraction_disordered": 0.05,
 "has_clash": 0.0,
 "iptm": 0.54,
 "num_recycles": 10.0,
 "ptm": 0.58,
 "ranking_score": 0.57
}