{
 "chain_iptm": [
  0.39,
  0.39,
  0.4,
  0.39,
  0.39,
  0.39
 ],
 "chain_pair_iptm": [
  [
   0.61,
   0.5,
   0.35,
   0.3,
   0.34,
   0.48
  ],
  [
   0.5,
   0.61,
   0.49,
   0.35,
   0.29,
   0.34
  ],
  [
   0.35,
   0.49,
   0.61,
   0.49,
   0.35,
   0.29
  ],
  [
   0.3,
   0.35,
   0.49,
   0.61,
   0.49,
   0.35
  ],
  [
   0.34,
   0.29,
   0.35,
   0.49,
   0.61,
   0.49
  ],
  [
   0.48,
   0.34,
   0.29,
   0.35,
   0.49,
   0.61
  ]
 ],
 "chain_pair_pae_min": [
  [
   0.76,
   4.94,
   10.72,
   13.74,
   12.63,
   5.13
  ],
  [
   4.48,
   0.76,
   5.22,
   10.88,
   13.8,
   12.17
  ],
  [
   11.8,
   4.49,
   0.76,
   5.1,
   10.96,
   13.85
  ],
  [
   13.78,
   11.86,
   4.56,
   0.76,
   5.3,
   11.01
  ],
  [
   11.42,
   13.85,
   11.99,
   4.61,
   0.76,
   5.37
  ],
  [
   6.0,
   11.28,
   13.91,
   12.1,
   4.72,
   0.76
  ]
 ],
 "chain_ptm": [
  0.61,
  0.61,
  0.61,
  0.61,
  0.61,
  0.61
 ],
 "fraction_disordered": 0.05,
 "has_clash": 0.0,
 "iptm": 0.51,
 "num_recycles": 10.0,
 "ptm": 0.55,
 "ranking_score": 0.55
}