{
 "chain_iptm": [
  0.38,
  0.39,
  0.39,
  0.39,
  0.38,
  0.38
 ],
 "chain_pair_iptm": [
  [
   0.61,
   0.49,
   0.34,
   0.29,
   0.33,
   0.47
  ],
  [
   0.49,
   0.61,
   0.49,
   0.34,
   0.29,
   0.33
  ],
  [
   0.34,
   0.49,
   0.61,
   0.49,
   0.34,
   0.29
  ],
  [
   0.29,
   0.34,
   0.49,
   0.61,
   0.48,
   0.34
  ],
  [
   0.33,
   0.29,
   0.34,
   0.48,
   0.61,
   0.48
  ],
  [
   0.47,
   0.33,
   0.29,
   0.34,
   0.48,
   0.61
  ]
 ],
 "chain_pair_pae_min": [
  [
   0.76,
   5.02,
   11.32,
   14.29,
   12.83,
   5.76
  ],
  [
   4.96,
   0.76,
   5.3,
   11.42,
   14.42,
   12.52
  ],
  [
   12.16,
   4.99,
   0.76,
   5.33,
   11.48,
   14.42
  ],
  [
   14.31,
   12.23,
   4.94,
   0.76,
   5.44,
   11.53
  ],
  [
   11.97,
   14.35,
   12.39,
   5.24,
   0.76,
   5.56
  ],
  [
   6.36,
   11.81,
   14.43,
   12.54,
   5.17,
   0.76
  ]
 ],
 "chain_ptm": [
  0.61,
  0.61,
  0.61,
  0.61,
  0.61,
  0.61
 ],
 "fraction_disordered": 0.05,
 "has_clash": 0.0,
 "iptm": 0.51,
 "num_recycles": 10.0,
 "ptm": 0.55,
 "ranking_score": 0.54
}