{
 "chain_iptm": [
  0.38,
  0.38,
  0.38,
  0.38,
  0.38,
  0.37
 ],
 "chain_pair_iptm": [
  [
   0.61,
   0.48,
   0.33,
   0.28,
   0.32,
   0.47
  ],
  [
   0.48,
   0.61,
   0.48,
   0.33,
   0.28,
   0.32
  ],
  [
   0.33,
   0.48,
   0.61,
   0.48,
   0.32,
   0.27
  ],
  [
   0.28,
   0.33,
   0.48,
   0.61,
   0.48,
   0.32
  ],
  [
   0.32,
   0.28,
   0.32,
   0.48,
   0.61,
   0.48
  ],
  [
   0.47,
   0.32,
   0.27,
   0.32,
   0.48,
   0.61
  ]
 ],
 "chain_pair_pae_min": [
  [
   0.76,
   5.18,
   11.79,
   14.48,
   13.56,
   5.44
  ],
  [
   4.6,
   0.76,
   5.38,
   11.84,
   14.65,
   13.11
  ],
  [
   12.65,
   4.85,
   0.76,
   5.37,
   11.96,
   14.76
  ],
  [
   14.52,
   12.72,
   4.84,
   0.76,
   5.6,
   11.98
  ],
  [
   12.32,
   14.66,
   12.78,
   4.94,
   0.76,
   5.65
  ],
  [
   6.47,
   12.3,
   14.75,
   12.87,
   4.97,
   0.76
  ]
 ],
 "chain_ptm": [
  0.61,
  0.61,
  0.61,
  0.61,
  0.61,
  0.61
 ],
 "fraction_disordered": 0.05,
 "has_clash": 0.0,
 "iptm": 0.5,
 "num_recycles": 10.0,
 "ptm": 0.54,
 "ranking_score": 0.53
}