{
 "chain_iptm": [
  0.38,
  0.38,
  0.38,
  0.38,
  0.38,
  0.37
 ],
 "chain_pair_iptm": [
  [
   0.61,
   0.48,
   0.33,
   0.28,
   0.32,
   0.46
  ],
  [
   0.48,
   0.61,
   0.48,
   0.33,
   0.28,
   0.33
  ],
  [
   0.33,
   0.48,
   0.61,
   0.48,
   0.33,
   0.28
  ],
  [
   0.28,
   0.33,
   0.48,
   0.61,
   0.48,
   0.33
  ],
  [
   0.32,
   0.28,
   0.33,
   0.48,
   0.61,
   0.48
  ],
  [
   0.46,
   0.33,
   0.28,
   0.33,
   0.48,
   0.61
  ]
 ],
 "chain_pair_pae_min": [
  [
   0.76,
   5.21,
   11.54,
   14.47,
   13.35,
   5.64
  ],
  [
   4.95,
   0.76,
   5.37,
   11.53,
   14.41,
   12.75
  ],
  [
   12.32,
   5.02,
   0.76,
   5.36,
   11.73,
   14.56
  ],
  [
   14.4,
   12.51,
   5.02,
   0.76,
   5.53,
   11.8
  ],
  [
   12.23,
   14.52,
   12.58,
   5.16,
   0.76,
   5.66
  ],
  [
   6.35,
   12.02,
   14.5,
   12.8,
   5.24,
   0.76
  ]
 ],
 "chain_ptm": [
  0.61,
  0.61,
  0.61,
  0.61,
  0.61,
  0.61
 ],
 "fraction_disordered": 0.05,
 "has_clash": 0.0,
 "iptm": 0.5,
 "num_recycles": 10.0,
 "ptm": 0.54,
 "ranking_score": 0.53
}