{
 "chain_iptm": [
  0.18,
  0.17,
  0.16,
  0.15,
  0.21,
  0.2
 ],
 "chain_pair_iptm": [
  [
   0.36,
   0.06,
   0.16,
   0.12,
   0.45,
   0.12
  ],
  [
   0.06,
   0.36,
   0.12,
   0.14,
   0.12,
   0.41
  ],
  [
   0.16,
   0.12,
   0.6,
   0.15,
   0.21,
   0.14
  ],
  [
   0.12,
   0.14,
   0.15,
   0.6,
   0.14,
   0.21
  ],
  [
   0.45,
   0.12,
   0.21,
   0.14,
   0.29,
   0.12
  ],
  [
   0.12,
   0.41,
   0.14,
   0.21,
   0.12,
   0.29
  ]
 ],
 "chain_pair_pae_min": [
  [
   0.76,
   19.49,
   25.74,
   28.59,
   8.46,
   21.51
  ],
  [
   19.46,
   0.76,
   28.55,
   26.79,
   22.23,
   9.92
  ],
  [
   24.83,
   26.81,
   0.76,
   29.05,
   9.06,
   25.89
  ],
  [
   26.84,
   25.84,
   29.11,
   0.76,
   26.03,
   10.74
  ],
  [
   7.67,
   22.41,
   10.04,
   27.46,
   0.76,
   26.33
  ],
  [
   22.34,
   9.09,
   27.15,
   12.93,
   26.57,
   0.76
  ]
 ],
 "chain_ptm": [
  0.36,
  0.36,
  0.6,
  0.6,
  0.29,
  0.29
 ],
 "fraction_disordered": 0.38,
 "has_clash": 0.0,
 "iptm": 0.25,
 "num_recycles": 10.0,
 "ptm": 0.36,
 "ranking_score": 0.46
}