{
 "chain_iptm": [
  0.16,
  0.15,
  0.14,
  0.14,
  0.19,
  0.18
 ],
 "chain_pair_iptm": [
  [
   0.36,
   0.03,
   0.11,
   0.12,
   0.45,
   0.08
  ],
  [
   0.03,
   0.36,
   0.11,
   0.11,
   0.08,
   0.42
  ],
  [
   0.11,
   0.11,
   0.6,
   0.16,
   0.14,
   0.17
  ],
  [
   0.12,
   0.11,
   0.16,
   0.6,
   0.18,
   0.14
  ],
  [
   0.45,
   0.08,
   0.14,
   0.18,
   0.28,
   0.11
  ],
  [
   0.08,
   0.42,
   0.17,
   0.14,
   0.11,
   0.28
  ]
 ],
 "chain_pair_pae_min": [
  [
   0.76,
   29.86,
   27.72,
   28.92,
   7.73,
   27.88
  ],
  [
   30.01,
   0.76,
   28.72,
   28.88,
   28.03,
   9.28
  ],
  [
   28.73,
   28.48,
   0.76,
   27.47,
   23.28,
   16.65
  ],
  [
   28.47,
   29.5,
   27.49,
   0.76,
   15.7,
   24.15
  ],
  [
   7.46,
   29.84,
   25.44,
   18.43,
   0.76,
   28.98
  ],
  [
   29.73,
   9.22,
   17.93,
   25.94,
   28.6,
   0.76
  ]
 ],
 "chain_ptm": [
  0.36,
  0.36,
  0.6,
  0.6,
  0.28,
  0.28
 ],
 "fraction_disordered": 0.4,
 "has_clash": 0.0,
 "iptm": 0.24,
 "num_recycles": 10.0,
 "ptm": 0.35,
 "ranking_score": 0.46
}