{
 "chain_iptm": [
  0.17,
  0.16,
  0.14,
  0.14,
  0.2,
  0.19
 ],
 "chain_pair_iptm": [
  [
   0.36,
   0.04,
   0.11,
   0.14,
   0.46,
   0.09
  ],
  [
   0.04,
   0.36,
   0.13,
   0.11,
   0.09,
   0.42
  ],
  [
   0.11,
   0.13,
   0.6,
   0.15,
   0.14,
   0.18
  ],
  [
   0.14,
   0.11,
   0.15,
   0.6,
   0.18,
   0.14
  ],
  [
   0.46,
   0.09,
   0.14,
   0.18,
   0.28,
   0.11
  ],
  [
   0.09,
   0.42,
   0.18,
   0.14,
   0.11,
   0.28
  ]
 ],
 "chain_pair_pae_min": [
  [
   0.76,
   19.39,
   29.86,
   28.14,
   6.9,
   28.8
  ],
  [
   19.67,
   0.76,
   28.6,
   30.02,
   28.69,
   8.17
  ],
  [
   28.1,
   27.17,
   0.76,
   28.92,
   24.72,
   15.7
  ],
  [
   26.58,
   28.56,
   28.54,
   0.76,
   15.1,
   25.75
  ],
  [
   7.35,
   24.12,
   26.31,
   17.65,
   0.76,
   28.91
  ],
  [
   24.06,
   8.64,
   17.53,
   26.81,
   29.01,
   0.76
  ]
 ],
 "chain_ptm": [
  0.36,
  0.36,
  0.6,
  0.6,
  0.28,
  0.28
 ],
 "fraction_disordered": 0.41,
 "has_clash": 0.0,
 "iptm": 0.24,
 "num_recycles": 10.0,
 "ptm": 0.35,
 "ranking_score": 0.46
}